mtx:
[[1.17538338e+03            0.00000000e+00             9.65611115e+02]     
 [0.00000000e+00            1.18219580e+03             5.16181812e+02]     
 [0.00000000e+00 0.00000000e+00 1.00000000e+00]]    

[[1.17538338e+03 0.00000000e+00 9.65611114e+02]
 [0.00000000e+00 1.18219580e+03 5.16181812e+02]
 [0.00000000e+00 0.00000000e+00 1.00000000e+00]]
matlab:
[[1.17586317e+03,            0,                                     0]
[0.1516130787360,       1.181948902380861e+03,            0]
[9.674131488e+02,       5.159168881691932e+02,           1]]

dst:
[[-0.43828696  0.26878827  0.00231895  0.0004844  -0.11178103]]